10 10

-1 -1 3 3 -1 -1 -1 -1 -1 -1

3 -1 -1 -1 -1 -1 0 -1 0 -1

-1 -1 3 4 -1 3 -1 -1 -1 -1

3 -1 4 -1 -1 -1 -1 3 -1 -1

2 3 -1 5 -1 4 4 -1 -1 4

-1 -1 5 4 6 6 -1 4 -1 4

-1 -1 -1 -1 -1 3 3 -1 -1 4

-1 3 -1 -1 5 6 5 -1 -1 4

-1 -1 -1 7 -1 -1 -1 7 -1 5

-1 4 -1 -1 6 -1 6 -1 5 -1


X X 1 1 X X X X X X
X 1 X X 1 X X X X X
1 1 X X 1 X X X X X
X X 1 X 1 X X 0 0 0
X 1 X 1 1 1 1 0 0 0
X 1 X 1 X X X 1 0 0
X 1 X X 1 1 1 X 0 0
X X 1 X X X X X 1 0
X X 1 1 1 1 1 1 1 0
1 1 1 1 1 1 1 1 1 0

0 0 1 1 0 0 0 0 0 0
0 1 0 0 1 0 0 0 0 0
1 1 0 0 1 0 0 0 0 0
0 0 1 0 1 0 0 1 0 1
0 1 0 1 1 1 1 0 1 1
0 1 0 1 0 0 0 1 0 1
0 1 0 0 1 1 1 0 0 1
0 0 1 0 0 0 0 0 1 1
0 0 1 1 1 1 1 1 1 0
1 1 1 1 1 1 1 1 1 1

10 10
-1 -1 3 3 -1 -1 -1 -1 -1 -1
3 -1 -1 -1 -1 -1 0 -1 0 -1
-1 -1 3 4 -1 3 -1 -1 -1 -1
3 -1 4 -1 -1 -1 -1 3 -1 -1
2 3 -1 5 -1 4 4 -1 -1 4
-1 -1 5 4 6 6 -1 4 -1 4
-1 -1 -1 -1 -1 3 3 -1 -1 4
-1 3 -1 -1 5 6 5 -1 -1 4
-1 -1 -1 7 -1 -1 -1 7 -1 5
-1 4 -1 -1 6 -1 6 -1 5 -1